63.95139501626572 64.9409429949206
63.74650137724979 64.19165490222659
70.80821853416464 71.99028561920449
64.98298012791017 66.20966180618717
65.26174126786981 65.54236952618155
58.50801165617687 59.284381741817064
46.380680004821805 46.696189301164026
53.04471039795835 53.1255510549086
52.269091094025285 52.44106914708064
52.41088564796553 52.85801425260604
61.035850356358516 61.67702773507184
33.24619701058653 33.56168091013595
32.98192465253859 33.22528692918442
33.801100488127034 33.94179573028563
38.61532507278368 39.84720877308285
38.707189883773715 39.11204368893417
