177
213
269
200
359
386
189
174
176
295
106
234
316
135
190
301
184
176
286
180
323
318
189
372
183
186
263
116
171
289
131
317
205
184
184
306
374
186
304
284
185
205
182
233
425
279
179
291
190
176
280
316
170
232
199
335
195
434
204
321
192
357
180
178
370
269
191
184
179
343
233
267
191
169
286
306
152
219
195
167
311
279
182
195
174
183
284
386
306
297
187
394
178
195
185
365
406
347
203
320
177
183
186
385
286
281
206
170
380
279
181
172
277
275
170
249
193
322
195
370
192
181
177
360
266
230
166
191
227
269
190
329
172
266
165
335
169
182
298
199
226
385
195
185
368
375
193
185
291
375
111
133
179
228
174
170
165
236
190
277
269
303
191
171
282
245
190
402
184
321
168
171
182
232
180
272
231
272
188
208
189
262
403
188
353
378
183
266
187
283
217
195
395
376
192
172
422
197
303
437
188
216
199
406
182
348
187
186
303
299
209
171
301
229
189
312
188
276
165
344
184
179
327
303
181
276
192
314
192
313
193
402
192
195
364
282
192
273
171
282
192
302
178
202
191
290
338
230
183
176
186
169
344
403
231
293
177
322
155
181
267
352
187
282
200
186
331
195
112
279
364
138
135
179
138
284
192
182
390
191
440
342
190
336
191
117
348
139
192
427
188
317
190
186
190
316
187
242
291
288
184
204
271
287
191
223
388
330
193
178
307
312
182
204
370
293
169
357
185
187
304
207
313
353
117
176
137
276
193
242
204
340
102
183
178
109
376
132
322
135
178
240
182
361
174
184
354
326
188
307
214
179
303
184
317
381
169
204
306
270
164
179
283
312
179
408
181
180
173
307
285
360
187
357
181
206
207
374
317
309
181
283
197
180
204
318
358
173
428
350
189
316
188
347
119
128
187
301
200
184
358
176
182
401
242
230
174
346
186
186
270
237
179
201
339
299
173
179
239
181
196
328
338
246
186
306
185
321
161
157
246
176
300
175
309
229
174
198
310
281
184
271
183
191
272
279
189
198
337
342
182
315
195
352
170
198
203
270
370
290
182
230
193
386
163
311
187
280
185
182
182
279
275
327
192
315
201
328
201
333
